Gen   ID    Origin   Composition    Enthalpy   Volume  Density   Fitness   KPOINTS  SYMM  Q_entr A_order S_order
                                      (eV)     (A^3)  (g/cm^3)
  1    1   Random    [   4  2 24 ]    36.893   131.273   9.098     18.447  [ 3  4  4]   1  0.259  2.238  1.395
  1    2   Random    [   4  2 24 ]    33.451   133.599   8.940     16.725  [ 5  5  2]   1  0.263  2.313  1.406
  1    3   Random    [   4  2 24 ]    31.923   132.652   9.004     15.962  [ 3  4  3]   1  0.247  2.421  1.599
  1    4   Random    [   4  2 24 ]    31.730   131.546   9.079     15.865  [ 4  3  3]   1  0.260  2.300  1.459
  1    5   Random    [   4  2 24 ]    33.644   131.798   9.062     16.822  [ 4  3  4]   1  0.242  2.218  1.442
  1    6   Random    [   4  2 24 ]    35.069   132.422   9.019     17.535  [ 5  5  2]   1  0.274  2.282  1.369
  1    7   Random    [   4  2 24 ]    36.433   132.518   9.013     18.217  [ 3  3  3]   1  0.270  2.211  1.348
  1    8   Random    [   4  2 24 ]    38.337   133.199   8.967     19.168  [ 4  4  3]   1  0.266  2.365  1.439
  1    9   Random    [   4  2 24 ]    32.880   130.706   9.138     16.440  [ 4  4  3]   1  0.206  2.265  1.729
  1   10   Random    [   4  2 24 ]    31.083   130.166   9.176     15.542  [ 4  4  3]   1  0.239  2.261  1.548
  1   11   Random    [   4  2 24 ]    34.295   134.735   8.865     17.148  [ 4  4  2]   1  0.254  2.300  1.544
  1   12   Random    [   4  2 24 ]    34.679   130.836   9.129     17.339  [ 4  4  3]   1  0.221  2.461  1.814
  1   13   Random    [   4  2 24 ]    31.649   130.822   9.130     15.824  [ 4  4  3]   1  0.243  2.284  1.535
  1   14   Random    [   4  2 24 ]    32.836   131.789   9.063     16.418  [ 3  3  3]   1  0.249  2.240  1.465
  1   15   Random    [   4  2 24 ]    31.389   132.294   9.028     15.694  [ 4  4  4]   1  0.224  2.389  1.749
  1   16   Random    [   4  2 24 ]    35.285   130.717   9.137     17.642  [ 3  4  4]   2  0.242  2.266  1.467
  1   17   Random    [   4  2 24 ]    31.984   131.625   9.074     15.992  [ 3  4  3]   1  0.262  2.233  1.389
  1   18   Random    [   4  2 24 ]    38.305   135.562   8.810     19.152  [ 6  3  3]   1  0.273  2.158  1.275
  1   19   Random    [   4  2 24 ]    30.408   131.834   9.060     15.204  [ 4  4  3]   1  0.264  2.223  1.392
  1   20   Random    [   4  2 24 ]    31.653   132.237   9.032     15.827  [ 3  4  3]   1  0.258  2.282  1.474
  1   21   Random    [   4  2 24 ]    39.140   130.211   9.172     19.570  [ 4  4  3]   1  0.273  2.200  1.301
  1   22   Random    [   4  2 24 ]    32.887   131.456   9.086     16.443  [ 2  3  4]  13  0.158  2.427  2.034
  1   23   Random    [   4  2 24 ]    34.856   132.108   9.041     17.428  [ 3  3  4]   1  0.246  2.346  1.534
  1   24   Random    [   4  2 24 ]    36.250   131.198   9.103     18.125  [ 4  4  2]   1  0.228  2.370  1.534
  1   25   Random    [   4  2 24 ]    40.478   135.268   8.830     20.239  [ 3  3  4]   1  0.250  2.159  1.428
  1   26   Random    [   4  2 24 ]    42.251   135.910   8.788     21.125  [ 4  4  4]   9  0.165  2.497  2.044
  1   27   Random    [   4  2 24 ]    32.996   132.942   8.984     16.498  [ 4  4  2]   1  0.238  2.385  1.659
  1   28   Random    [   4  2 24 ]    29.980   130.800   9.131     14.990  [ 4  2  4]   1  0.260  2.254  1.452
  1   29   Random    [   4  2 24 ]    34.965   132.295   9.028     17.482  [ 3  3  4]   4  0.236  2.175  1.444
  1   30   Random    [   4  2 24 ]    33.022   132.762   8.996     16.511  [ 3  3  3]   1  0.269  2.239  1.411
  1   31   Random    [   4  2 24 ]    48.817   141.272   8.454     24.408  [ 4  4  3]   1  0.159  2.679  2.197
  1   32   Random    [   4  2 24 ]    34.123   132.909   8.986     17.061  [ 3  3  3]   1  0.248  2.263  1.444
  1   33   Random    [   4  2 24 ]    33.527   132.728   8.999     16.763  [ 3  3  4]   1  0.277  2.263  1.323
  1   34   Random    [   4  2 24 ]    33.773   131.720   9.067     16.886  [ 3  4  3]   1  0.273  2.278  1.356
  1   35   Random    [   2  1 12 ]    19.818    66.523   8.977     19.818  [ 4  4  5]   8  0.182  2.672  2.060
  1   36   Random    [   2  1 12 ]    17.897    66.642   8.961     17.897  [ 4  4  4]   1  0.175  2.486  2.052
  1   37   Random    [   2  1 12 ]    17.718    65.944   9.056     17.718  [ 4  5  4]   1  0.204  2.621  1.980
  1   38   Random    [   2  1 12 ]    21.881    65.884   9.064     21.881  [ 4  4  5]  22  0.079  2.719  2.688
  1   39   Random    [   2  1 12 ]    24.308    67.697   8.821     24.308  [ 5  4  4]   5  0.025  3.545  3.528
  1   40   Random    [   2  1 12 ]    17.676    65.998   9.048     17.676  [ 5  5  3]   1  0.259  2.245  1.435
  1   41   Random    [   2  1 12 ]    16.684    65.238   9.154     16.684  [ 4  5  4]   1  0.249  2.183  1.454
  1   42   Random    [   2  1 12 ]    17.285    65.324   9.142     17.285  [ 6  6  2]   1  0.232  2.816  1.853
  1   43   Random    [   2  1 12 ]    16.799    65.290   9.147     16.799  [ 4  4  4]   1  0.243  2.223  1.506
  1   44   Random    [   2  1 12 ]    15.005    65.175   9.163     15.005  [ 5  4  4]   1  0.208  2.341  1.801
  1   45   Random    [   2  1 12 ]    20.762    68.881   8.670     20.762  [ 5  5  3]   1  0.259  2.384  1.513
  1   46   Random    [   2  1 12 ]    20.325    69.730   8.564     20.325  [ 5  5  3]   1  0.195  2.669  2.158
  1   47   Random    [   2  1 12 ]    15.018    66.789   8.941     15.018  [ 5  5  3]   1  0.225  2.560  1.831
  1   48   Random    [   2  1 12 ]    16.107    65.214   9.157     16.107  [ 5  4  4]   1  0.236  2.292  1.629
  1   49   Random    [   2  1 12 ]    16.631    66.171   9.025     16.631  [ 4  4  5]   1  0.238  2.238  1.524
  1   50   Random    [   2  1 12 ]    19.330    66.255   9.013     19.330  [ 6  6  2]   1  0.203  2.642  2.006
  1   51   Random    [   2  1 12 ]    19.009    66.446   8.987     19.009  [ 4  4  4]   8  0.221  2.570  1.808
  1   52   Random    [   2  1 12 ]    15.754    65.486   9.119     15.754  [ 4  5  4]   1  0.241  2.307  1.604
  1   53   Random    [   2  1 12 ]    16.265    65.777   9.079     16.265  [ 4  4  4]   1  0.256  2.251  1.482
  1   54   Random    [   2  1 12 ]    19.538    66.118   9.032     19.538  [ 4  3  6]   1  0.217  2.356  1.648
  1   55   Random    [   2  1 12 ]    18.059    64.725   9.226     18.059  [ 4  4  4]   1  0.126  2.591  2.326
  1   56   Random    [   2  1 12 ]    15.366    64.519   9.256     15.366  [ 5  5  4]   2  0.134  2.587  2.297
  1   57   Random    [   2  1 12 ]    20.405    64.296   9.288     20.405  [ 6  6  2]   1  0.228  2.449  1.723
  1   58   Random    [   2  1 12 ]    18.550    66.036   9.043     18.550  [ 4  4  4]   5  0.145  2.599  2.258
  1   59   Random    [   2  1 12 ]    15.364    64.513   9.257     15.364  [ 5  5  4]   2  0.139  2.571  2.264
  1   60   Random    [   2  1 12 ]    18.570    65.620   9.101     18.570  [ 4  4  5]   1  0.027  2.871  2.915
  1   61   Random    [   2  1 12 ]    14.156    64.715   9.228     14.156  [ 4  4  5]  71  0.158  3.050  2.584
  1   62   Random    [   2  1 12 ]    17.592    66.164   9.026     17.592  [ 6  6  2]   1  0.205  2.318  1.767
  1   63   Random    [   2  1 12 ]    19.368    65.405   9.131     19.368  [ 4  4  4]   1  0.167  2.846  2.377
  1   64   Random    [   2  1 12 ]    15.896    66.079   9.037     15.896  [ 4  4  3]   2  0.209  2.387  1.857
  1   65   Random    [   2  1 12 ]    19.790    66.650   8.960     19.790  [ 5  4  5]   1  0.132  3.002  2.633
  1   66   Random    [   2  1 12 ]    16.952    65.785   9.078     16.952  [ 4  3  6]   1  0.249  2.346  1.558
  1   67   Random    [   2  1 12 ]    15.502    65.707   9.089     15.502  [ 3  5  5]   1  0.226  2.280  1.680
  1   68   Random    [   2  1 12 ]    22.407    66.002   9.048     22.407  [ 4  4  3]   3  0.155  2.536  2.207
  1   69   Random    [   2  1 12 ]    19.463    65.919   9.059     19.463  [ 7  6  2]   1  0.153  2.957  2.459
  1   70   Random    [   2  1 12 ]    18.852    65.938   9.057     18.852  [ 4  4  5]   1  0.216  2.636  1.915
  1   71   Seeds     [   2  1 12 ]    15.353    64.484   9.261     15.353  [ 5  5  4]   1  0.130  2.671  2.369
  1   72   Seeds     [   2  1 12 ]    16.528    65.675   9.093     16.528  [ 4  4  4]   1  0.209  2.182  1.618
  2   73  Heredity   [   4  2 24 ]    31.912   130.686   9.139     15.956  [ 3  3  4]   1  0.263  2.250  1.429
  2   74   Random    [   4  2 24 ]    51.150   138.330   8.634     25.575  [ 4  4  2]   1  0.067  2.868  2.692
  2   75   Random    [   4  2 24 ]    37.640   135.787   8.796     18.820  [ 3  3  3]   1  0.213  2.249  1.720
  2   76   Random    [   4  2 24 ]    36.035   132.348   9.024     18.018  [ 4  3  3]   1  0.269  2.225  1.320
  2   77   Random    [   4  2 24 ]    36.759   133.060   8.976     18.379  [ 4  5  2]   1  0.275  2.119  1.236
  2   78   Random    [   4  2 24 ]    31.737   132.145   9.038     15.869  [ 4  4  4]   1  0.272  2.196  1.338
  2   79   Random    [   4  2 24 ]    45.202   138.645   8.614     22.601  [ 4  4  3]   1  0.126  2.590  2.249
  2   80   Random    [   4  2 24 ]    33.043   134.215   8.899     16.522  [ 3  3  4]   1  0.220  2.574  1.758
  2   81   Random    [   4  2 24 ]    35.019   133.261   8.963     17.509  [ 3  3  3]   5  0.167  2.720  2.199
  2   82   Random    [   4  2 24 ]    32.991   132.428   9.019     16.496  [ 6  3  2]   1  0.229  2.325  1.619
  2   83   Random    [   4  2 24 ]    32.291   131.202   9.103     16.146  [ 4  4  3]   1  0.259  2.196  1.415
  2   84   Random    [   4  2 24 ]    35.006   133.955   8.916     17.503  [ 3  3  3]   1  0.280  2.233  1.291
  2   85   Random    [   4  2 24 ]    30.396   130.523   9.151     15.198  [ 4  4  3]   1  0.256  2.262  1.466
  2   86   Random    [   4  2 24 ]    37.414   131.609   9.075     18.707  [ 4  4  3]   1  0.279  2.216  1.249
  2   87 softmutate  [   4  2 24 ]    34.198   129.971   9.189     17.099  [ 2  4  6]   1  0.265  2.639  1.649
  2   88 softmutate  [   4  2 24 ]    31.519   130.579   9.147     15.759  [ 3  3  4]   1  0.262  2.230  1.412
  2   89 softmutate  [   4  2 24 ]    32.105   130.330   9.164     16.052  [ 3  3  4]   1  0.241  2.222  1.465
  2   90 softmutate  [   4  2 24 ]    32.259   131.409   9.089     16.129  [ 3  3  5]   2  0.240  2.307  1.477
  2   91 softmutate  [   4  2 24 ]    33.258   131.948   9.052     16.629  [ 3  4  3]   1  0.273  2.207  1.328
  2   92 softmutate  [   4  2 24 ]    33.499   131.507   9.082     16.749  [ 4  2  5]   1  0.273  2.289  1.394
  2   93 softmutate  [   4  2 24 ]    32.192   130.985   9.118     16.096  [ 4  3  3]   1  0.261  2.253  1.414
  2   94 keptBest    [   4  2 24 ]    36.250   131.198   9.103     18.125  [ 4  4  2]   1  0.228  2.370  1.534
  2   95  Heredity   [   2  1 12 ]    17.629    65.520   9.114     17.629  [ 4  4  5]   1  0.257  2.183  1.431
  2   96  Heredity   [   2  1 12 ]    15.571    65.767   9.080     15.571  [ 5  4  4]   1  0.238  2.268  1.605
  2   97  Heredity   [   2  1 12 ]    17.383    66.028   9.044     17.383  [ 4  6  4]   1  0.239  2.272  1.587
  2   98  Heredity   [   2  1 12 ]    14.831    65.768   9.080     14.831  [ 4  4  4]   1  0.241  2.265  1.578
  2   99  Heredity   [   2  1 12 ]    14.285    65.960   9.054     14.285  [ 3  4  5]   1  0.251  2.540  1.733
  2  100  Heredity   [   2  1 12 ]    16.109    65.871   9.066     16.109  [ 4  5  4]   1  0.250  2.194  1.464
  2  101  Heredity   [   2  1 12 ]    16.767    65.753   9.082     16.767  [ 4  4  4]   1  0.251  2.264  1.500
  2  102  Heredity   [   2  1 12 ]    16.282    65.678   9.092     16.282  [ 4  4  5]   1  0.250  2.296  1.540
  2  103  Heredity   [   2  1 12 ]    14.756    65.796   9.076     14.756  [ 5  4  3]   1  0.240  2.284  1.615
  2  104  Heredity   [   2  1 12 ]    15.292    65.239   9.154     15.292  [ 5  4  4]   1  0.234  2.382  1.645
  2  105  Heredity   [   2  1 12 ]    14.808    65.739   9.084     14.808  [ 5  4  4]   1  0.238  2.226  1.571
  2  106  Heredity   [   2  1 12 ]    15.464    65.028   9.183     15.464  [ 4  4  4]   1  0.241  2.254  1.582
  2  107  Heredity   [   2  1 12 ]    15.964    65.553   9.110     15.964  [ 4  5  5]   8  0.245  2.528  1.661
  2  108  Heredity   [   2  1 12 ]    16.302    65.676   9.093     16.302  [ 5  4  5]   1  0.255  2.272  1.509
  2  109   Random    [   2  1 12 ]    15.343    64.466   9.263     15.343  [ 5  5  4]   1  0.122  2.823  2.498
  2  110   Random    [   2  1 12 ]    16.068    66.107   9.034     16.068  [ 4  4  5]   1  0.234  2.283  1.611
  2  111   Random    [   2  1 12 ]    15.926    66.212   9.019     15.926  [ 4  4  5]   1  0.244  2.240  1.576
  2  112   Random    [   2  1 12 ]    16.107    68.308   8.742     16.107  [ 4  4  3]   1  0.230  2.537  1.898
  2  113   Random    [   2  1 12 ]    18.303    66.247   9.014     18.303  [ 5  4  3]   1  0.234  2.298  1.586
  2  114   Random    [   2  1 12 ]    16.685    66.079   9.037     16.685  [ 4  5  4]   1  0.258  2.189  1.414
  2  115   Random    [   2  1 12 ]    18.561    66.883   8.929     18.561  [ 5  4  4]   1  0.207  2.477  1.842
  2  116   Random    [   2  1 12 ]    16.386    65.655   9.096     16.386  [ 4  4  4]   1  0.255  2.159  1.420
  2  117   Random    [   2  1 12 ]    15.711    66.036   9.043     15.711  [ 5  4  4]   1  0.230  2.344  1.728
  2  118   Random    [   2  1 12 ]    18.157    65.350   9.138     18.157  [ 5  2  6]   1  0.252  2.260  1.459
  2  119   Random    [   2  1 12 ]    16.542    65.277   9.148     16.542  [ 4  4  5] 164  0.013  2.638  2.712
  2  120   Random    [   2  1 12 ]    14.890    65.049   9.180     14.890  [ 5  4  4]   1  0.243  2.310  1.653
  2  121 softmutate  [   2  1 12 ]    15.711    65.112   9.171     15.711  [ 5  4  4]   1  0.235  2.225  1.571
  2  122 softmutate  [   2  1 12 ]    16.744    65.392   9.132     16.744  [ 4  5  4]   1  0.238  2.181  1.522
  2  123 softmutate  [   2  1 12 ]    16.731    65.983   9.050     16.731  [ 3  5  5]   1  0.265  2.316  1.523
  2  124 keptBest    [   2  1 12 ]    14.156    64.715   9.228     14.156  [ 4  4  5]  71  0.158  3.050  2.584
  2  125 keptBest    [   2  1 12 ]    15.018    66.789   8.941     15.018  [ 5  5  3]   1  0.225  2.560  1.831
  2  126 keptBest    [   2  1 12 ]    15.353    64.484   9.261     15.353  [ 5  5  4]   1  0.130  2.671  2.369
  2  127 keptBest    [   2  1 12 ]    17.285    65.324   9.142     17.285  [ 6  6  2]   1  0.232  2.816  1.853
  2  128 keptBest    [   2  1 12 ]    17.718    65.944   9.056     17.718  [ 4  5  4]   1  0.204  2.621  1.980
  2  129 keptBest    [   2  1 12 ]    18.059    64.725   9.226     18.059  [ 4  4  4]   1  0.126  2.591  2.326
  2  130 keptBest    [   2  1 12 ]    18.550    66.036   9.043     18.550  [ 4  4  4]   5  0.145  2.599  2.258
  3  131  Heredity   [   4  2 24 ]    31.837   130.187   9.174     15.919  [ 3  4  3]   1  0.257  2.276  1.424
  3  132  Heredity   [   4  2 24 ]    29.694   130.644   9.142     14.847  [ 4  4  3]   1  0.245  2.292  1.576
  3  133   Random    [   4  2 24 ]    35.806   131.960   9.051     17.903  [ 4  4  3]   1  0.278  2.326  1.332
  3  134   Random    [   4  2 24 ]    42.204   138.661   8.613     21.102  [ 3  3  3]   1  0.230  2.392  1.675
  3  135   Random    [   4  2 24 ]    44.046   135.032   8.845     22.023  [ 4  4  2]   1  0.209  2.713  1.907
  3  136   Random    [   4  2 24 ]    31.206   131.928   9.053     15.603  [ 3  3  3]   1  0.257  2.253  1.446
  3  137   Random    [   4  2 24 ]    34.219   132.302   9.027     17.110  [ 3  3  3]   1  0.268  2.206  1.405
  3  138   Random    [   4  2 24 ]    42.584   133.476   8.948     21.292  [ 3  4  3]   1  0.233  2.322  1.575
  3  139   Random    [   4  2 24 ]    34.758   130.213   9.172     17.379  [ 4  4  4]   1  0.258  2.192  1.414
  3  140   Random    [   4  2 24 ]    32.292   130.622   9.144     16.146  [ 2  4  4]   1  0.263  2.240  1.429
  3  141   Random    [   4  2 24 ]    37.166   131.969   9.050     18.583  [ 3  3  3]   1  0.255  2.298  1.496
  3  142   Random    [   4  2 24 ]    32.444   131.798   9.062     16.222  [ 3  4  3]  18  0.190  2.271  1.752
  3  143   Random    [   4  2 24 ]    36.263   132.054   9.044     18.132  [ 4  4  2]   1  0.202  2.450  1.852
  3  144   Random    [   4  2 24 ]    37.079   131.848   9.059     18.539  [ 3  3  4]   1  0.281  2.203  1.301
  3  145   Random    [   4  2 24 ]    32.756   129.013   9.258     16.378  [ 4  4  2]   4  0.118  2.927  2.619
  3  146   Random    [   4  2 24 ]    35.059   133.028   8.978     17.529  [ 4  4  2]   1  0.256  2.352  1.479
  3  147   Random    [   4  2 24 ]    35.902   132.022   9.047     17.951  [ 4  3  3]   2  0.212  2.393  1.762
  3  148   Random    [   4  2 24 ]    31.823   133.073   8.975     15.911  [ 4  3  3]   1  0.251  2.294  1.550
  3  149   Random    [   4  2 24 ]    31.279   132.226   9.033     15.640  [ 3  3  3] 129  0.126  2.808  2.441
  3  150 softmutate  [   4  2 24 ]    32.674   132.589   9.008     16.337  [ 6  5  2]   1  0.256  2.648  1.647
  3  151 softmutate  [   4  2 24 ]    32.999   129.358   9.233     16.499  [ 2  3  6]   1  0.278  2.520  1.511
  3  152 softmutate  [   4  2 24 ]    33.184   130.719   9.137     16.592  [ 3  3  6]   1  0.279  2.574  1.491
  3  153 softmutate  [   4  2 24 ]    33.438   130.675   9.140     16.719  [ 2  5  5]   1  0.256  2.382  1.591
  3  154 softmutate  [   4  2 24 ]    32.803   131.280   9.098     16.401  [ 3  3  6]   1  0.260  2.350  1.489
  3  155 softmutate  [   4  2 24 ]    33.235   131.172   9.105     16.618  [ 3  4  3]   1  0.275  2.272  1.364
  3  156 keptBest    [   4  2 24 ]    35.019   133.261   8.963     17.509  [ 3  3  3]   5  0.167  2.720  2.199
  3  157 keptBest    [   4  2 24 ]    36.250   131.198   9.103     18.125  [ 4  4  2]   1  0.228  2.370  1.534
  3  158  Heredity   [   2  1 12 ]    14.548    65.806   9.075     14.548  [ 5  5  4]   1  0.252  2.340  1.611
  3  159  Heredity   [   2  1 12 ]    17.154    66.078   9.037     17.154  [ 5  4  4]   1  0.256  2.227  1.426
  3  160  Heredity   [   2  1 12 ]    16.467    67.104   8.899     16.467  [ 4  4  3]   1  0.250  2.294  1.593
  3  161  Heredity   [   2  1 12 ]    16.333    65.723   9.086     16.333  [ 4  4  5]   1  0.223  2.262  1.656
  3  162  Heredity   [   2  1 12 ]    15.444    65.050   9.180     15.444  [ 4  4  4]   1  0.238  2.267  1.586
  3  163  Heredity   [   2  1 12 ]    14.709    66.293   9.008     14.709  [ 5  3  4]   1  0.252  2.359  1.603
  3  164  Heredity   [   2  1 12 ]    15.792    65.672   9.093     15.792  [ 4  4  4]   1  0.250  2.268  1.509
  3  165  Heredity   [   2  1 12 ]    16.551    65.869   9.066     16.551  [ 4  4  5]   1  0.245  2.311  1.555
  3  166  Heredity   [   2  1 12 ]    14.526    65.876   9.065     14.526  [ 5  4  3]   1  0.240  2.325  1.630
  3  167  Heredity   [   2  1 12 ]    14.900    65.895   9.063     14.900  [ 3  5  4]   1  0.239  2.558  1.831
  3  168  Heredity   [   2  1 12 ]    15.289    65.241   9.153     15.289  [ 5  4  4]   1  0.227  2.404  1.679
  3  169  Heredity   [   2  1 12 ]    16.225    66.309   9.006     16.225  [ 4  5  4]   1  0.235  2.282  1.596
  3  170  Heredity   [   2  1 12 ]    16.150    66.261   9.013     16.150  [ 5  4  4]   1  0.230  2.328  1.653
  3  171   Random    [   2  1 12 ]    18.052    65.232   9.155     18.052  [ 5  5  3]   1  0.262  2.326  1.515
  3  172   Random    [   2  1 12 ]    26.919    71.065   8.403     26.919  [ 4  4  4]   1  0.209  2.537  1.984
  3  173   Random    [   2  1 12 ]    15.618    65.078   9.176     15.618  [ 5  4  4]   1  0.223  2.330  1.659
  3  174   Random    [   2  1 12 ]    16.312    66.435   8.989     16.312  [ 3  3  6]   1  0.133  2.565  2.247
  3  175   Random    [   2  1 12 ]    16.641    66.526   8.977     16.641  [ 4  4  4]   1  0.239  2.277  1.586
  3  176   Random    [   2  1 12 ]    15.626    65.046   9.181     15.626  [ 5  5  4]  12  0.116  2.733  2.516
  3  177   Random    [   2  1 12 ]    18.118    67.041   8.908     18.118  [ 5  3  4]   2  0.205  2.384  1.813
  3  178   Random    [   2  1 12 ]    14.429    66.078   9.037     14.429  [ 5  5  3]   8  0.204  2.525  1.938
  3  179   Random    [   2  1 12 ]    16.891    65.153   9.166     16.891  [ 6  3  4]   1  0.237  2.228  1.548
  3  180   Random    [   2  1 12 ]    17.207    65.542   9.111     17.207  [ 5  3  4]   1  0.201  2.213  1.713
  3  181   Random    [   2  1 12 ]    15.541    66.071   9.038     15.541  [ 5  4  3]   1  0.244  2.286  1.545
  3  182 keptBest    [   2  1 12 ]    14.156    64.715   9.228     14.156  [ 4  4  5]  71  0.158  3.050  2.584
  3  183 keptBest    [   2  1 12 ]    14.285    65.960   9.054     14.285  [ 3  4  5]   1  0.251  2.540  1.733
  3  184 keptBest    [   2  1 12 ]    15.343    64.466   9.263     15.343  [ 5  5  4]   1  0.122  2.823  2.498
  3  185 keptBest    [   2  1 12 ]    17.285    65.324   9.142     17.285  [ 6  6  2]   1  0.232  2.816  1.853
  3  186 keptBest    [   2  1 12 ]    18.059    64.725   9.226     18.059  [ 4  4  4]   1  0.126  2.591  2.326
  3  187 keptBest    [   2  1 12 ]    18.550    66.036   9.043     18.550  [ 4  4  4]   5  0.145  2.599  2.258
  4  188   Random    [   4  2 24 ]    42.716   136.554   8.746     21.358  [ 3  3  4]   1  0.164  2.535  2.066
  4  189   Random    [   4  2 24 ]    40.935   133.904   8.920     20.467  [ 5  4  2]   1  0.292  2.264  1.268
  4  190   Random    [   4  2 24 ]    39.253   134.301   8.893     19.626  [ 3  3  3]   1  0.274  2.166  1.302
  4  191   Random    [   4  2 24 ]    32.853   131.710   9.068     16.427  [ 3  3  4]   1  0.247  2.489  1.717
  4  192   Random    [   4  2 24 ]    34.178   133.566   8.942     17.089  [ 3  3  4]  81  0.218  2.343  1.736
  4  193   Random    [   4  2 24 ]    38.490   132.449   9.017     19.245  [ 3  3  3]   1  0.220  2.341  1.642
  4  194   Random    [   4  2 24 ]    33.228   133.681   8.934     16.614  [ 4  3  3]   1  0.221  2.246  1.581
  4  195   Random    [   4  2 24 ]    36.373   129.879   9.196     18.186  [ 4  4  3]   5  0.147  2.748  2.329
  4  196   Random    [   4  2 24 ]    28.283   129.285   9.238     14.142  [ 4  4  3]   2  0.208  2.318  1.755
  4  197   Random    [   4  2 24 ]    36.923   131.275   9.098     18.461  [ 3  3  3]   1  0.222  2.239  1.551
  4  198   Random    [   4  2 24 ]    35.253   131.425   9.088     17.626  [ 3  3  4]   1  0.275  2.232  1.318
  4  199   Random    [   4  2 24 ]    28.600   132.533   9.012     14.300  [ 4  3  3]   1  0.197  2.452  1.878
  4  200   Random    [   4  2 24 ]    35.063   130.746   9.135     17.532  [ 4  4  2]   1  0.260  2.158  1.336
  4  201 softmutate  [   4  2 24 ]    29.554   131.305   9.096     14.777  [ 4  4  3]   1  0.239  2.269  1.562
  4  202 softmutate  [   4  2 24 ]    31.095   131.168   9.106     15.547  [ 5  3  3]   1  0.249  2.290  1.516
  4  203 softmutate  [   4  2 24 ]    29.157   129.664   9.211     14.579  [ 6  6  1]   1  0.225  3.479  2.386
  4  204 keptBest    [   4  2 24 ]    31.279   132.226   9.033     15.640  [ 3  3  3] 129  0.126  2.808  2.441
  4  205 keptBest    [   4  2 24 ]    32.674   132.589   9.008     16.337  [ 6  5  2]   1  0.256  2.648  1.647
  4  206 keptBest    [   4  2 24 ]    32.756   129.013   9.258     16.378  [ 4  4  2]   4  0.118  2.927  2.619
  4  207  Heredity   [   2  1 12 ]    14.656    66.151   9.028     14.656  [ 5  4  4]   1  0.252  2.463  1.634
  4  208  Heredity   [   2  1 12 ]    16.723    65.656   9.096     16.723  [ 4  5  4]   1  0.247  2.193  1.520
  4  209  Heredity   [   2  1 12 ]    16.110    66.876   8.930     16.110  [ 4  5  4]   1  0.239  2.228  1.543
  4  210  Heredity   [   2  1 12 ]    14.428    65.411   9.130     14.428  [ 5  4  3]   1  0.240  2.374  1.665
  4  211  Heredity   [   2  1 12 ]    16.074    65.876   9.065     16.074  [ 4  5  4]   1  0.253  2.278  1.490
  4  212  Heredity   [   2  1 12 ]    16.568    65.724   9.086     16.568  [ 4  4  4]   1  0.246  2.222  1.509
  4  213  Heredity   [   2  1 12 ]    17.191    66.180   9.024     17.191  [ 4  4  5]   1  0.246  2.211  1.500
  4  214  Heredity   [   2  1 12 ]    15.348    65.644   9.097     15.348  [ 4  5  4]   1  0.250  2.310  1.570
  4  215  Heredity   [   2  1 12 ]    15.159    66.148   9.028     15.159  [ 4  5  4]   1  0.245  2.330  1.613
  4  216  Heredity   [   2  1 12 ]    15.052    65.966   9.053     15.052  [ 4  4  4]   1  0.241  2.295  1.615
  4  217  Heredity   [   2  1 12 ]    14.517    65.742   9.084     14.517  [ 4  5  4]   1  0.243  2.369  1.666
  4  218   Random    [   2  1 12 ]    20.321    66.464   8.985     20.321  [ 4  4  4]   1  0.138  2.667  2.293
  4  219   Random    [   2  1 12 ]    15.824    66.642   8.961     15.824  [ 4  4  4]   1  0.234  2.336  1.688
  4  220   Random    [   2  1 12 ]    15.469    66.237   9.016     15.469  [ 5  5  3]  12  0.168  2.478  2.084
  4  221   Random    [   2  1 12 ]    21.907    67.572   8.838     21.907  [ 4  4  4]   2  0.137  2.791  2.412
  4  222   Random    [   2  1 12 ]    22.043    67.672   8.825     22.043  [ 4  4  3]   1  0.188  2.637  2.081
  4  223   Random    [   2  1 12 ]    16.526    65.322   9.142     16.526  [ 4  4  4]   1  0.243  2.197  1.545
  4  224   Random    [   2  1 12 ]    21.842    65.312   9.143     21.842  [ 6  6  2]   1  0.196  2.563  1.972
  4  225   Random    [   2  1 12 ]    14.691    65.065   9.178     14.691  [ 4  4  5]   1  0.241  2.394  1.693
  4  226   Random    [   2  1 12 ]    16.362    65.998   9.048     16.362  [ 5  5  3]   1  0.231  2.253  1.645
  4  227   Random    [   2  1 12 ]    15.301    66.298   9.007     15.301  [ 3  5  4]   1  0.253  2.274  1.530
  4  228   Random    [   2  1 12 ]    16.677    65.652   9.096     16.677  [ 4  4  5]   1  0.243  2.238  1.486
  4  229   Random    [   2  1 12 ]    16.168    65.083   9.176     16.168  [ 4  4  4]   2  0.074  2.344  2.272
  4  230   Random    [   2  1 12 ]    16.709    64.209   9.300     16.709  [ 4  4  6]   5  0.243  2.755  1.927
  4  231   Random    [   2  1 12 ]    20.329    69.725   8.565     20.329  [ 5  5  3]   1  0.194  2.630  2.143
  4  232   Random    [   2  1 12 ]    22.124    66.235   9.016     22.124  [ 6  6  2]   1  0.246  2.486  1.677
  4  233   Random    [   2  1 12 ]    15.491    66.113   9.033     15.491  [ 4  4  3]   1  0.245  2.252  1.547
  4  234   Random    [   2  1 12 ]    16.170    65.155   9.165     16.170  [ 4  4  4]   1  0.040  2.378  2.393
  4  235   Random    [   2  1 12 ]    14.942    64.924   9.198     14.942  [ 5  4  5]   1  0.236  2.351  1.713
  4  236   Random    [   2  1 12 ]    20.570    66.660   8.959     20.570  [ 4  5  4]   1  0.261  2.184  1.386
  4  237 softmutate  [   2  1 12 ]    15.706    65.141   9.167     15.706  [ 5  3  5]   1  0.246  2.279  1.568
  4  238 softmutate  [   2  1 12 ]    14.858    65.543   9.111     14.858  [ 4  4  4]   1  0.233  2.288  1.639
  4  239 softmutate  [   2  1 12 ]    15.852    65.828   9.072     15.852  [ 5  4  3]   6  0.256  2.757  1.788
  4  240 softmutate  [   2  1 12 ]    15.999    66.358   8.999     15.999  [ 4  4  3]   1  0.242  2.280  1.596
  4  241 keptBest    [   2  1 12 ]    14.156    64.715   9.228     14.156  [ 4  4  5]  71  0.158  3.050  2.584
  4  242 keptBest    [   2  1 12 ]    14.285    65.960   9.054     14.285  [ 3  4  5]   1  0.251  2.540  1.733
  4  243 keptBest    [   2  1 12 ]    15.343    64.466   9.263     15.343  [ 5  5  4]   1  0.122  2.823  2.498
  4  244 keptBest    [   2  1 12 ]    16.312    66.435   8.989     16.312  [ 3  3  6]   1  0.133  2.565  2.247
  4  245 keptBest    [   2  1 12 ]    17.285    65.324   9.142     17.285  [ 6  6  2]   1  0.232  2.816  1.853
  5  246  Heredity   [   4  2 24 ]    32.461   131.433   9.087     16.230  [ 3  3  4]   1  0.268  2.208  1.331
  5  247  Heredity   [   4  2 24 ]    32.157   130.824   9.129     16.079  [ 3  4  3]   1  0.266  2.244  1.412
  5  248  Heredity   [   4  2 24 ]    33.242   131.048   9.114     16.621  [ 4  4  3]   1  0.261  2.245  1.444
  5  249  Heredity   [   4  2 24 ]    33.967   130.831   9.129     16.983  [ 3  4  3]   1  0.276  2.199  1.332
  5  250  Heredity   [   4  2 24 ]    32.048   131.580   9.077     16.024  [ 4  4  3]   1  0.265  2.207  1.362
  5  251   Random    [   4  2 24 ]    33.481   133.182   8.968     16.741  [ 3  3  3]   1  0.238  2.274  1.540
  5  252   Random    [   4  2 24 ]    34.836   132.610   9.007     17.418  [ 3  3  3]  27  0.179  2.376  1.917
  5  253   Random    [   4  2 24 ]    37.741   135.739   8.799     18.871  [ 4  3  3]   1  0.276  2.207  1.311
  5  254   Random    [   4  2 24 ]    37.897   129.147   9.248     18.949  [ 4  4  3]   1  0.189  2.517  1.938
  5  255   Random    [   4  2 24 ]    37.742   130.480   9.154     18.871  [ 4  3  3]   1  0.250  2.222  1.391
  5  256   Random    [   4  2 24 ]    32.255   132.551   9.011     16.127  [ 3  3  4]   1  0.252  2.302  1.494
  5  257   Random    [   4  2 24 ]    31.633   131.963   9.051     15.817  [ 3  3  4]   1  0.241  2.468  1.627
  5  258   Random    [   4  2 24 ]    30.250   128.836   9.270     15.125  [ 4  4  3]   2  0.162  2.247  1.884
  5  259   Random    [   4  2 24 ]    35.692   133.583   8.941     17.846  [ 3  3  5]   1  0.275  2.191  1.304
  5  260   Random    [   4  2 24 ]    36.746   131.937   9.052     18.373  [ 3  3  3]   1  0.259  2.231  1.373
  5  261   Random    [   4  2 24 ]    33.785   131.689   9.070     16.893  [ 3  4  3]   1  0.247  2.194  1.440
  5  262   Random    [   4  2 24 ]    31.920   130.115   9.179     15.960  [ 3  4  3]   2  0.231  2.251  1.535
  5  263   Random    [   4  2 24 ]    33.817   130.815   9.130     16.908  [ 4  4  2]   1  0.262  2.205  1.418
  5  264   Random    [   4  2 24 ]    36.781   131.511   9.082     18.390  [ 4  3  3]   1  0.244  2.173  1.435
  5  265   Random    [   4  2 24 ]    32.369   130.983   9.118     16.185  [ 6  2  4]  51  0.231  2.786  1.884
  5  266   Random    [   4  2 24 ]    32.893   132.331   9.026     16.446  [ 4  3  3]   1  0.242  2.194  1.419
  5  267   Random    [   4  2 24 ]    32.732   131.198   9.103     16.366  [ 3  4  3]   1  0.245  2.230  1.491
  5  268   Random    [   4  2 24 ]    38.439   130.989   9.118     19.220  [ 3  3  3]   1  0.277  2.125  1.237
  5  269   Random    [   4  2 24 ]    31.544   130.313   9.165     15.772  [ 3  3  4]   2  0.234  2.311  1.536
  5  270   Random    [   4  2 24 ]    47.753   133.081   8.975     23.877  [ 4  4  2]   1  0.216  2.539  1.839
  5  271   Random    [   4  2 24 ]    37.589   130.325   9.164     18.795  [ 3  3  4]   1  0.259  2.188  1.393
  5  272   Random    [   4  2 24 ]    32.499   130.897   9.124     16.250  [ 3  3  3]   8  0.246  2.438  1.665
  5  273 softmutate  [   4  2 24 ]    32.103   130.067   9.183     16.052  [ 5  6  2]   1  0.256  2.436  1.531
  5  274 softmutate  [   4  2 24 ]    33.436   132.528   9.012     16.718  [ 5  5  2]   1  0.258  2.368  1.487
  5  275 softmutate  [   4  2 24 ]    33.918   130.061   9.183     16.959  [ 4  3  4]   1  0.255  2.252  1.453
  5  276 softmutate  [   4  2 24 ]    32.769   131.826   9.060     16.384  [ 3  3  4]   1  0.266  2.255  1.395
  5  277 softmutate  [   4  2 24 ]    34.337   129.773   9.203     17.169  [ 6  4  2]   1  0.238  2.479  1.649
  5  278 softmutate  [   4  2 24 ]    33.024   131.649   9.072     16.512  [ 5  6  2]   1  0.255  2.438  1.548
  5  279 keptBest    [   4  2 24 ]    28.283   129.285   9.238     14.142  [ 4  4  3]   2  0.208  2.318  1.755
  5  280 keptBest    [   4  2 24 ]    28.600   132.533   9.012     14.300  [ 4  3  3]   1  0.197  2.452  1.878
  5  281 keptBest    [   4  2 24 ]    29.157   129.664   9.211     14.579  [ 6  6  1]   1  0.225  3.479  2.386
  5  282  Heredity   [   2  1 12 ]    16.831    66.421   8.991     16.831  [ 4  5  3]   1  0.250  2.216  1.479
  5  283  Heredity   [   2  1 12 ]    15.161    65.382   9.134     15.161  [ 4  4  4]   1  0.248  2.302  1.552
  5  284  Heredity   [   2  1 12 ]    15.247    66.074   9.038     15.247  [ 4  4  4]   1  0.242  2.314  1.609
  5  285  Heredity   [   2  1 12 ]    15.413    66.203   9.020     15.413  [ 5  5  3]   1  0.232  2.375  1.741
  5  286  Heredity   [   2  1 12 ]    15.089    65.463   9.122     15.089  [ 4  4  5]   2  0.201  2.315  1.737
  5  287   Random    [   2  1 12 ]    16.193    66.526   8.977     16.193  [ 5  5  3]   1  0.248  2.243  1.468
  5  288   Random    [   2  1 12 ]    17.186    66.079   9.037     17.186  [ 3  6  4]   1  0.244  2.231  1.516
  5  289   Random    [   2  1 12 ]    15.836    65.056   9.179     15.836  [ 5  5  4]   1  0.223  2.307  1.701
  5  290   Random    [   2  1 12 ]    29.933    71.629   8.337     29.933  [ 4  4  3]   1  0.136  2.965  2.563
  5  291   Random    [   2  1 12 ]    18.444    65.879   9.065     18.444  [ 3  6  5]   1  0.254  2.185  1.414
  5  292   Random    [   2  1 12 ]    19.456    65.588   9.105     19.456  [ 4  4  4]   1  0.247  2.288  1.523
  5  293   Random    [   2  1 12 ]    16.130    65.874   9.066     16.130  [ 4  5  4]   1  0.243  2.222  1.537
  5  294   Random    [   2  1 12 ]    18.229    67.086   8.902     18.229  [ 4  4  4]   1  0.247  2.190  1.455
  5  295   Random    [   2  1 12 ]    18.140    66.967   8.917     18.140  [ 5  5  3]   1  0.261  2.254  1.439
  5  296   Random    [   2  1 12 ]    19.328    66.586   8.969     19.328  [ 5  5  3]   1  0.241  2.455  1.633
  5  297   Random    [   2  1 12 ]    15.656    66.030   9.044     15.656  [ 5  2  5]   1  0.219  2.389  1.762
  5  298 keptBest    [   2  1 12 ]    14.156    64.715   9.228     14.156  [ 4  4  5]  71  0.158  3.050  2.584
  5  299 keptBest    [   2  1 12 ]    14.285    65.960   9.054     14.285  [ 3  4  5]   1  0.251  2.540  1.733
  5  300 keptBest    [   2  1 12 ]    14.656    66.151   9.028     14.656  [ 5  4  4]   1  0.252  2.463  1.634
  5  301 keptBest    [   2  1 12 ]    15.301    66.298   9.007     15.301  [ 3  5  4]   1  0.253  2.274  1.530
  5  302 keptBest    [   2  1 12 ]    15.343    64.466   9.263     15.343  [ 5  5  4]   1  0.122  2.823  2.498
  6  303  Heredity   [   4  2 24 ]    32.706   129.570   9.218     16.353  [ 3  4  3]   1  0.257  2.241  1.439
  6  304  Heredity   [   4  2 24 ]    28.454   129.530   9.221     14.227  [ 4  4  3]   1  0.224  2.349  1.723
  6  305  Heredity   [   4  2 24 ]    33.887   131.779   9.063     16.943  [ 4  4  3]   1  0.275  2.251  1.329
  6  306  Heredity   [   4  2 24 ]    32.426   131.278   9.098     16.213  [ 3  4  3]   1  0.270  2.282  1.425
  6  307  Heredity   [   4  2 24 ]    32.214   130.634   9.143     16.107  [ 3  3  3]   1  0.266  2.232  1.426
  6  308  Heredity   [   4  2 24 ]    32.691   132.205   9.034     16.346  [ 3  3  3]   1  0.269  2.199  1.351
  6  309  Heredity   [   4  2 24 ]    32.576   130.170   9.175     16.288  [ 4  4  3]   1  0.263  2.271  1.423
  6  310  Heredity   [   4  2 24 ]    32.917   130.139   9.178     16.459  [ 4  3  3]   1  0.257  2.264  1.460
  6  311   Random    [   4  2 24 ]    33.627   131.134   9.108     16.814  [ 3  3  4]   1  0.242  2.268  1.554
  6  312   Random    [   4  2 24 ]    34.608   132.181   9.036     17.304  [ 4  4  4]  82  0.115  2.641  2.366
  6  313   Random    [   4  2 24 ]    33.555   132.099   9.041     16.778  [ 4  4  2]   1  0.273  2.315  1.419
  6  314   Random    [   4  2 24 ]    34.452   130.144   9.177     17.226  [ 4  4  3]   1  0.246  2.221  1.474
  6  315   Random    [   4  2 24 ]    31.146   129.497   9.223     15.573  [ 4  4  3]   1  0.225  2.150  1.531
  6  316   Random    [   4  2 24 ]    32.598   130.070   9.182     16.299  [ 3  3  3]   1  0.236  2.384  1.689
  6  317   Random    [   4  2 24 ]    30.305   132.281   9.029     15.152  [ 4  3  3]   2  0.222  2.388  1.711
  6  318   Random    [   4  2 24 ]    35.020   133.305   8.960     17.510  [ 3  3  3]   1  0.266  2.246  1.376
  6  319   Random    [   4  2 24 ]    33.335   131.272   9.098     16.667  [ 4  3  3]   1  0.262  2.194  1.378
  6  320   Random    [   4  2 24 ]    29.712   130.939   9.121     14.856  [ 4  3  3]   1  0.249  2.276  1.521
  6  321   Random    [   4  2 24 ]    35.113   131.051   9.114     17.556  [ 4  4  3]   1  0.164  2.901  2.409
  6  322 softmutate  [   4  2 24 ]    32.256   131.064   9.113     16.128  [ 3  5  3]   1  0.269  2.286  1.427
  6  323 softmutate  [   4  2 24 ]    31.274   131.545   9.079     15.637  [ 4  3  3]   1  0.263  2.278  1.413
  6  324 softmutate  [   4  2 24 ]    32.620   130.265   9.169     16.310  [ 4  3  3]   1  0.241  2.232  1.499
  6  325 softmutate  [   4  2 24 ]    31.566   131.821   9.060     15.783  [ 3  3  3]   1  0.264  2.275  1.435
  6  326 softmutate  [   4  2 24 ]    32.096   131.099   9.110     16.048  [ 4  3  4]   1  0.264  2.224  1.391
  6  327 keptBest    [   4  2 24 ]    28.283   129.285   9.238     14.142  [ 4  4  3]   2  0.208  2.318  1.755
  6  328 keptBest    [   4  2 24 ]    28.600   132.533   9.012     14.300  [ 4  3  3]   1  0.197  2.452  1.878
  6  329 keptBest    [   4  2 24 ]    29.157   129.664   9.211     14.579  [ 6  6  1]   1  0.225  3.479  2.386
  6  330  Heredity   [   2  1 12 ]    14.461    65.576   9.107     14.461  [ 5  3  5]   1  0.239  2.356  1.643
  6  331  Heredity   [   2  1 12 ]    14.949    66.249   9.014     14.949  [ 4  4  4]   1  0.256  2.377  1.559
  6  332   Random    [   2  1 12 ]    16.254    65.460   9.123     16.254  [ 4  4  5]   1  0.227  2.266  1.653
  6  333   Random    [   2  1 12 ]    16.128    65.541   9.112     16.128  [ 5  4  4]   1  0.248  2.216  1.482
  6  334   Random    [   2  1 12 ]    17.108    66.147   9.028     17.108  [ 3  3  6]   1  0.251  2.228  1.477
  6  335   Random    [   2  1 12 ]    14.411    64.871   9.206     14.411  [ 6  3  5]   8  0.241  2.693  1.828
  6  336   Random    [   2  1 12 ]    16.859    66.236   9.016     16.859  [ 4  5  3]   1  0.261  2.301  1.546
  6  337   Random    [   2  1 12 ]    15.786    65.994   9.049     15.786  [ 4  4  4]   2  0.197  2.308  1.790
  6  338   Random    [   2  1 12 ]    19.416    66.068   9.039     19.416  [ 6  6  2]   1  0.245  2.388  1.611
  6  339   Random    [   2  1 12 ]    27.045    72.263   8.264     27.045  [ 4  4  4]   1  0.209  3.198  2.214
  6  340   Random    [   2  1 12 ]    18.311    66.107   9.033     18.311  [ 4  4  4]   1  0.152  2.438  2.117
  6  341   Random    [   2  1 12 ]    16.677    66.070   9.039     16.677  [ 4  5  4]   1  0.255  2.253  1.463
  6  342   Random    [   2  1 12 ]    15.556    65.478   9.120     15.556  [ 5  4  4]   1  0.237  2.380  1.649
  6  343   Random    [   2  1 12 ]    16.776    65.834   9.071     16.776  [ 4  4  4]   1  0.235  2.293  1.652
  6  344   Random    [   2  1 12 ]    23.100    68.237   8.752     23.100  [ 6  4  4]   1  0.201  2.393  1.871
  6  345   Random    [   2  1 12 ]    19.412    64.495   9.259     19.412  [ 6  6  2]   1  0.251  2.319  1.497
  6  346   Random    [   2  1 12 ]    15.601    65.873   9.066     15.601  [ 4  4  5]   1  0.213  2.404  1.835
  6  347   Random    [   2  1 12 ]    17.779    65.568   9.108     17.779  [ 5  4  4]   1  0.244  2.219  1.535
  6  348   Random    [   2  1 12 ]    15.737    66.117   9.032     15.737  [ 4  4  4]   1  0.204  2.430  1.824
  6  349   Random    [   2  1 12 ]    15.195    65.109   9.172     15.195  [ 5  5  4]   1  0.223  2.495  1.865
  6  350   Random    [   2  1 12 ]    16.406    65.582   9.106     16.406  [ 4  4  4]   1  0.248  2.163  1.462
  6  351   Random    [   2  1 12 ]    15.434    65.913   9.060     15.434  [ 4  4  4]   1  0.236  2.247  1.600
  6  352   Random    [   2  1 12 ]    17.613    65.779   9.079     17.613  [ 4  4  5]   1  0.247  2.203  1.486
  6  353 softmutate  [   2  1 12 ]    16.039    65.249   9.152     16.039  [ 5  5  4]   1  0.240  2.253  1.570
  6  354 softmutate  [   2  1 12 ]    15.335    66.548   8.974     15.335  [ 3  5  4]   1  0.233  2.352  1.644
  6  355 keptBest    [   2  1 12 ]    14.156    64.715   9.228     14.156  [ 4  4  5]  71  0.158  3.050  2.584
  6  356 keptBest    [   2  1 12 ]    14.285    65.960   9.054     14.285  [ 3  4  5]   1  0.251  2.540  1.733
  6  357 keptBest    [   2  1 12 ]    14.656    66.151   9.028     14.656  [ 5  4  4]   1  0.252  2.463  1.634
  6  358 keptBest    [   2  1 12 ]    15.089    65.463   9.122     15.089  [ 4  4  5]   2  0.201  2.315  1.737
  6  359 keptBest    [   2  1 12 ]    15.343    64.466   9.263     15.343  [ 5  5  4]   1  0.122  2.823  2.498
  7  360  Heredity   [   4  2 24 ]    31.936   130.923   9.123     15.968  [ 4  3  3]   1  0.257  2.283  1.449
  7  361  Heredity   [   4  2 24 ]    30.239   130.140   9.177     15.119  [ 4  4  3]   1  0.254  2.258  1.498
  7  362  Heredity   [   4  2 24 ]    31.378   131.387   9.090     15.689  [ 4  4  3]   1  0.265  2.232  1.392
  7  363  Heredity   [   4  2 24 ]    32.024   130.798   9.131     16.012  [ 4  3  3]   1  0.251  2.263  1.486
  7  364   Random    [   4  2 24 ]    42.132   139.075   8.588     21.066  [ 3  3  3]   1  0.251  2.330  1.547
  7  365   Random    [   4  2 24 ]    33.585   131.481   9.084     16.793  [ 4  3  4]   4  0.231  2.290  1.538
  7  366   Random    [   4  2 24 ]    30.803   131.344   9.093     15.402  [ 4  3  3]   1  0.253  2.235  1.465
  7  367   Random    [   4  2 24 ]    33.569   131.760   9.065     16.785  [ 3  3  4]   1  0.268  2.243  1.353
  7  368   Random    [   4  2 24 ]    39.005   133.290   8.961     19.502  [ 4  4  3]   1  0.248  2.232  1.413
  7  369   Random    [   4  2 24 ]    35.830   134.325   8.892     17.915  [ 5  3  3]   1  0.240  2.347  1.524
  7  370   Random    [   4  2 24 ]    37.318   134.189   8.901     18.659  [ 3  2  5]   1  0.262  2.148  1.328
  7  371   Random    [   4  2 24 ]    35.102   134.267   8.895     17.551  [ 4  3  3]   1  0.224  2.292  1.614
  7  372   Random    [   4  2 24 ]    36.832   134.699   8.867     18.416  [ 5  5  2]   1  0.248  2.299  1.544
  7  373   Random    [   4  2 24 ]    35.420   131.269   9.099     17.710  [ 3  3  4]   1  0.256  2.170  1.333
  7  374   Random    [   4  2 24 ]    35.349   131.546   9.079     17.674  [ 3  3  3]   1  0.270  2.222  1.361
  7  375   Random    [   4  2 24 ]    40.588   133.703   8.933     20.294  [ 4  3  4]   1  0.286  2.149  1.199
  7  376   Random    [   4  2 24 ]    41.431   130.826   9.129     20.716  [ 4  4  3]   1  0.243  2.819  1.800
  7  377 softmutate  [   4  2 24 ]    34.231   130.487   9.153     17.116  [ 4  3  3]   1  0.274  2.202  1.306
  7  378 softmutate  [   4  2 24 ]    32.324   129.418   9.229     16.162  [ 4  3  3]   1  0.257  2.218  1.444
  7  379 softmutate  [   4  2 24 ]    33.917   131.402   9.089     16.958  [ 4  3  4]   1  0.269  2.253  1.371
  7  380 softmutate  [   4  2 24 ]    33.489   131.446   9.086     16.744  [ 4  4  2]   1  0.268  2.268  1.382
  7  381 softmutate  [   4  2 24 ]    34.283   130.768   9.133     17.141  [ 6  2  4]   1  0.256  2.706  1.744
  7  382 keptBest    [   4  2 24 ]    28.283   129.285   9.238     14.142  [ 4  4  3]   2  0.208  2.318  1.755
  7  383 keptBest    [   4  2 24 ]    28.600   132.533   9.012     14.300  [ 4  3  3]   1  0.197  2.452  1.878
  7  384 keptBest    [   4  2 24 ]    29.157   129.664   9.211     14.579  [ 6  6  1]   1  0.225  3.479  2.386
  7  385  Heredity   [   2  1 12 ]    15.313    65.484   9.119     15.313  [ 4  5  4]   1  0.227  2.219  1.621
  7  386  Heredity   [   2  1 12 ]    16.175    65.572   9.107     16.175  [ 5  4  4]   1  0.233  2.257  1.612
  7  387  Heredity   [   2  1 12 ]    15.144    64.926   9.198     15.144  [ 4  4  4]   1  0.224  2.323  1.692
  7  388  Heredity   [   2  1 12 ]    15.499    65.075   9.177     15.499  [ 4  4  5]   1  0.234  2.259  1.619
  7  389  Heredity   [   2  1 12 ]    15.343    65.632   9.099     15.343  [ 4  5  4]   1  0.247  2.205  1.521
  7  390  Heredity   [   2  1 12 ]    14.676    65.508   9.116     14.676  [ 5  5  4]   1  0.242  2.399  1.707
  7  391   Random    [   2  1 12 ]    15.811    65.435   9.126     15.811  [ 5  4  4]   2  0.208  2.266  1.670
  7  392   Random    [   2  1 12 ]    14.589    64.689   9.232     14.589  [ 4  5  5]  44  0.157  2.950  2.460
  7  393   Random    [   2  1 12 ]    21.949    65.680   9.092     21.949  [ 6  6  2]   1  0.240  2.304  1.546
  7  394   Random    [   2  1 12 ]    17.523    66.675   8.957     17.523  [ 5  4  3]   1  0.258  2.289  1.555
  7  395   Random    [   2  1 12 ]    18.546    66.743   8.947     18.546  [ 4  4  3]   1  0.234  2.293  1.613
  7  396   Random    [   2  1 12 ]    18.438    66.224   9.018     18.438  [ 4  4  4]   1  0.223  2.195  1.564
  7  397   Random    [   2  1 12 ]    24.268    67.703   8.821     24.268  [ 4  4  4]   1  0.006  4.021  4.069
  7  398   Random    [   2  1 12 ]    16.190    66.290   9.009     16.190  [ 4  5  4]   2  0.197  2.305  1.740
  7  399   Random    [   2  1 12 ]    17.121    65.430   9.127     17.121  [ 4  5  4]   1  0.256  2.327  1.568
  7  400   Random    [   2  1 12 ]    14.810    65.034   9.182     14.810  [ 4  4  5]   1  0.200  2.269  1.776
  7  401   Random    [   2  1 12 ]    16.501    65.923   9.059     16.501  [ 5  4  4]   1  0.251  2.252  1.498
  7  402   Random    [   2  1 12 ]    16.247    65.358   9.137     16.247  [ 5  4  4]   1  0.239  2.193  1.508
  7  403   Random    [   2  1 12 ]    15.022    64.689   9.231     15.022  [ 4  4  4]   1  0.195  2.260  1.786
  7  404   Random    [   2  1 12 ]    19.690    66.240   9.015     19.690  [ 5  5  3]   1  0.249  2.311  1.563
  7  405   Random    [   2  1 12 ]    17.509    64.925   9.198     17.509  [ 5  5  4]   2  0.174  2.392  1.954
  7  406   Random    [   2  1 12 ]    15.066    64.558   9.250     15.066  [ 4  4  4]   2  0.187  2.247  1.791
  7  407   Random    [   2  1 12 ]    19.423    65.346   9.139     19.423  [ 4  4  4]   3  0.214  2.605  1.923
  7  408   Random    [   2  1 12 ]    18.170    66.048   9.042     18.170  [ 6  5  2]   1  0.250  2.347  1.599
  7  409   Random    [   2  1 12 ]    15.293    65.928   9.058     15.293  [ 3  4  5]   1  0.231  2.399  1.755
  7  410   Random    [   2  1 12 ]    16.424    65.456   9.123     16.424  [ 6  4  4]   1  0.224  2.379  1.727
  7  411 softmutate  [   2  1 12 ]    15.017    65.611   9.102     15.017  [ 5  3  6]   1  0.234  2.574  1.798
  7  412 softmutate  [   2  1 12 ]    15.344    64.325   9.284     15.344  [ 4  4  6]   1  0.219  2.285  1.703
  7  413 keptBest    [   2  1 12 ]    14.156    64.715   9.228     14.156  [ 4  4  5]  71  0.158  3.050  2.584
  7  414 keptBest    [   2  1 12 ]    14.285    65.960   9.054     14.285  [ 3  4  5]   1  0.251  2.540  1.733
  7  415 keptBest    [   2  1 12 ]    14.411    64.871   9.206     14.411  [ 6  3  5]   8  0.241  2.693  1.828
  7  416 keptBest    [   2  1 12 ]    14.656    66.151   9.028     14.656  [ 5  4  4]   1  0.252  2.463  1.634
  7  417 keptBest    [   2  1 12 ]    15.195    65.109   9.172     15.195  [ 5  5  4]   1  0.223  2.495  1.865
  8  418  Heredity   [   4  2 24 ]    31.909   129.633   9.213     N/A    [ 4  4  3]   1  0.258  2.234  1.445
